"Date" "Guinea" "Liberia" "Mali" "Nigeria" "Senegal" "Sierra Leone"
"2014-03-24" 86 0 0 0 0 0
"2014-03-25" 86 NA NA NA NA NA
"2014-03-26" 86 NA NA NA NA NA
"2014-03-27" 103 NA NA NA NA NA
"2014-03-28" NA NA NA NA NA NA
"2014-03-31" 122 NA NA NA NA NA
"2014-04-01" 127 NA NA NA NA NA
"2014-04-04" 143 NA NA NA NA NA
"2014-04-07" 151 NA NA NA NA NA
"2014-04-08" NA 21 NA NA NA NA
"2014-04-09" NA 22 NA NA NA NA
"2014-04-10" 157 25 NA NA NA NA
"2014-04-11" 159 NA NA NA NA NA
"2014-04-13" NA 26 NA NA NA NA
"2014-04-14" 168 NA NA NA NA NA
"2014-04-16" 197 27 NA NA NA NA
"2014-04-17" 203 NA NA NA NA NA
"2014-04-18" NA 27 NA NA NA NA
"2014-04-20" 208 NA NA NA NA NA
"2014-04-21" NA 27 NA NA NA NA
"2014-04-23" 218 35 NA NA NA NA
"2014-04-24" NA 35 NA NA NA NA
"2014-04-26" 224 NA NA NA NA NA
"2014-05-01" 226 NA NA NA NA NA
"2014-05-02" NA 13 NA NA NA NA
"2014-05-03" 231 NA NA NA NA NA
"2014-05-05" 235 NA NA NA NA NA
"2014-05-07" 236 NA NA NA NA NA
"2014-05-09" NA 12 NA NA NA NA
"2014-05-10" 233 NA NA NA NA NA
"2014-05-12" 248 NA NA NA NA NA
"2014-05-23" 258 NA NA NA NA NA
"2014-05-25" NA NA NA NA NA NA
"2014-05-26" NA NA NA NA NA 16
"2014-05-27" NA NA NA NA NA NA
"2014-05-28" 291 NA NA NA NA NA
"2014-05-29" NA NA NA NA NA 50
"2014-06-01" 328 NA NA NA NA 79
"2014-06-02" NA 13 NA NA NA NA
"2014-06-03" 344 NA NA NA NA NA
"2014-06-05" 351 NA NA NA NA 81
"2014-06-06" NA NA NA NA NA 89
"2014-06-07" NA 14 NA NA NA NA
"2014-06-09" NA 16 NA NA NA NA
"2014-06-11" NA 30 NA NA NA NA
"2014-06-13" NA 31 NA NA NA NA
"2014-06-16" 398 33 NA NA NA NA
"2014-06-17" NA NA NA NA NA 97
"2014-06-18" 390 NA NA NA NA NA
"2014-06-19" NA 41 NA NA NA 136
"2014-06-20" 390 NA NA NA NA 158
"2014-06-22" NA 51 NA NA NA NA
"2014-06-26" NA 70 NA NA NA NA
"2014-06-27" 407 NA NA NA NA NA
"2014-06-30" 413 107 NA NA NA 239
"2014-07-02" 412 115 NA NA NA 252
"2014-07-06" 408 131 NA NA NA 305
"2014-07-08" 409 142 NA NA NA 337
"2014-07-12" 406 172 NA NA NA 386
"2014-07-14" 411 174 NA NA NA 397
"2014-07-17" 410 196 NA NA NA 442
"2014-07-20" 415 224 NA NA NA 454
"2014-07-23" 427 249 NA NA NA 525
"2014-07-27" 460 329 NA NA NA 533
"2014-08-01" 485 468 NA 4 NA 646
"2014-08-04" 495 516 NA 9 NA 691
"2014-08-06" 495 554 NA 13 NA 717
"2014-08-09" 506 599 NA 13 NA 730
"2014-08-14" 523 810 NA NA NA NA
"2014-08-15" NA NA NA 12 NA 830
"2014-08-16" 543 NA NA NA NA NA
"2014-08-17" NA 862 NA 15 NA 850
"2014-08-18" NA 964 NA NA NA NA
"2014-08-19" 599 1024 NA 20 NA 910
"2014-08-20" 607 1074 NA NA NA 902
"2014-08-21" NA NA NA 15 NA NA
"2014-08-22" NA NA NA 18 NA NA
"2014-08-23" 628 NA NA 19 NA 994
"2014-08-24" NA 1378 NA NA NA 1025
"2014-08-25" 646 1395 NA 15 NA 1050
"2014-08-26" 661 1463 NA NA NA 1057
"2014-08-27" 663 NA NA 19 NA NA
"2014-08-28" 690 1582 NA 19 NA 1117
"2014-08-29" 707 1631 NA NA 1 NA
"2014-08-30" 749 1673 NA 21 NA NA
"2014-08-31" 771 1690 NA NA NA 1216
"2014-09-01" 790 1763 NA 22 NA NA
"2014-09-02" 812 1839 NA NA NA 1261
"2014-09-03" 823 1863 NA NA NA 1292
"2014-09-04" 826 1915 NA NA NA NA
"2014-09-05" 838 1968 NA NA 1 1361
"2014-09-06" 862 2038 NA NA 1 1409
"2014-09-07" 861 2073 NA 21 3 NA
"2014-09-08" NA 2184 NA NA 2 NA
"2014-09-09" 885 NA NA NA 1 1478
"2014-09-10" 899 2407 NA 21 NA 1509
"2014-09-11" 909 2527 NA NA NA 1551
"2014-09-12" 913 NA NA NA 1 1586
"2014-09-13" 936 NA NA 21 1 NA
"2014-09-14" 942 2712 NA NA NA 1673
"2014-09-15" NA 2804 NA 21 1 NA
"2014-09-16" 964 2923 NA 21 1 1735
"2014-09-17" 965 3017 NA NA 1 1753
"2014-09-18" NA NA NA 20 NA 1791
"2014-09-19" 989 3139 NA 20 NA 1813
"2014-09-20" 1008 3074 NA 20 1 1876
"2014-09-21" 1022 3272 NA 20 NA 1940
"2014-09-22" 1048 3362 NA NA NA 1967
"2014-09-23" 1074 3450 NA 20 NA 2021
"2014-09-24" NA NA NA NA 1 2092
"2014-09-25" 1103 3556 NA 20 1 2120
"2014-09-26" NA 3627 NA NA NA 2149
"2014-09-27" NA 3664 NA NA NA 2208
"2014-09-28" 1157 3688 NA NA NA 2317
"2014-09-29" 1169 3778 NA 20 1 2407
"2014-09-30" 1179 3826 NA 20 1 2437
"2014-10-01" 1199 3890 NA NA NA 2480
"2014-10-02" NA 3921 NA NA NA NA
"2014-10-03" NA 3879 NA NA NA 2572
"2014-10-04" NA 3921 NA NA NA 2727
"2014-10-05" NA 3949 NA NA NA NA
"2014-10-07" 1350 NA NA NA NA NA
"2014-10-08" 1383 NA NA NA NA 2950
"2014-10-09" 1405 4190 NA NA NA NA
"2014-10-10" 1416 4209 NA NA NA 3062
"2014-10-11" 1441 4249 NA NA NA 3187
"2014-10-12" 1471 4255 NA NA NA 3252
"2014-10-13" 1483 4262 NA NA NA 3296
"2014-10-14" 1519 NA NA NA NA 3410
"2014-10-15" 1528 NA NA NA NA 3449
"2014-10-16" 1479 4440 NA NA NA 3508
"2014-10-17" 1501 4607 NA NA NA 3560
"2014-10-18" 1532 4665 NA NA NA 3624
"2014-10-19" 1540 4693 NA NA NA 3706
"2014-10-20" 1547 4744 NA NA NA 3786
"2014-10-21" 1553 4772 NA NA NA 3841
"2014-10-22" 1575 6166 NA NA NA 3896
"2014-10-23" 1608 6248 NA NA NA 3963
"2014-10-24" 1598 6253 1 NA NA 4017
"2014-10-25" 1612 6267 1 NA NA 4130
"2014-10-26" 1631 NA 1 NA NA 4200
"2014-10-27" 1647 6239 1 NA NA 4330
"2014-10-28" 1661 6398 1 NA NA 4392
"2014-10-29" 1667 6454 1 NA NA NA
"2014-10-30" 1675 6485 NA NA NA 4487
"2014-10-31" 1688 6525 NA NA NA 4611
"2014-11-01" 1700 NA NA NA NA 4686
"2014-11-02" 1731 6524 NA NA NA 4759
"2014-11-03" 1760 6562 NA NA NA NA
"2014-11-04" 1744 6619 NA NA NA NA
"2014-11-05" 1777 NA 1 NA NA NA
"2014-11-06" 1818 6278 NA NA NA 4962
"2014-11-07" 1825 6776 NA NA NA 5019
"2014-11-08" 1835 6822 NA NA NA 5222
"2014-11-09" 1878 NA NA NA NA 4435
"2014-11-10" 1902 NA NA NA NA 5494
"2014-11-11" 1919 NA NA NA NA 4617
"2014-11-12" 1928 NA 3 NA NA 5682
"2014-11-13" 1924 7009 NA NA NA 5789
"2014-11-14" 1936 NA 6 NA NA 5904
"2014-11-15" 1958 NA 6 NA NA 5970
"2014-11-16" NA 7082 NA NA NA 6073
"2014-11-17" 2003 NA NA NA NA 6137
"2014-11-18" 2047 7084 NA NA NA 6190
"2014-11-19" 2055 7017 6 NA NA 6261
"2014-11-20" 2065 7161 NA NA NA 6391
"2014-11-21" 2094 7165 NA NA NA 6460
"2014-11-22" 2112 7168 NA NA NA 6535
"2014-11-23" 2134 7196 8 NA NA 6599
"2014-11-24" 2100 7244 8 NA NA 6714
"2014-11-25" 2123 7254 8 NA NA 6802
"2014-11-26" 2133 7278 NA NA NA 6911
"2014-11-27" 2145 7278 NA NA NA 7021
"2014-11-28" 2155 7635 NA NA NA 7109
"2014-11-29" 2160 7650 NA NA NA 7226
"2014-11-30" 2164 7653 NA NA NA 7312
"2014-12-01" NA 7675 NA NA NA 7420
"2014-12-02" 2186 7690 NA NA NA 7551
"2014-12-03" 2192 7719 NA NA NA NA
"2014-12-04" 2255 7719 NA NA NA 7676
"2014-12-05" 2269 15466 NA NA NA 7754
"2014-12-06" 2283 7765 NA NA NA 7798
"2014-12-07" 2292 7786 NA NA NA 7897
"2014-12-08" NA 7797 NA NA NA 7955
"2014-12-09" 2339 7812 NA NA NA 8014
"2014-12-10" NA NA NA NA NA 8069
"2014-12-11" NA 7819 NA NA NA 8152
"2014-12-12" NA 7828 NA NA NA 8201
"2014-12-13" 2394 7835 NA NA NA 8273
"2014-12-14" NA 7819 NA NA NA 8356
"2014-12-15" 2430 7823 NA NA NA 8428
"2014-12-16" 2453 7822 NA NA NA 8488
"2014-12-17" 2482 7815 NA NA NA 8759
"2014-12-18" 2502 7830 NA NA NA 8832
"2014-12-19" 2557 7852 NA NA NA 8880
"2014-12-20" 2571 7862 NA NA NA 8939
"2014-12-21" 2597 7876 NA NA NA 9004
"2014-12-22" 2606 7922 NA NA NA 9079
"2014-12-23" 2624 7938 NA NA NA 9155
"2014-12-24" 2630 7977 NA NA NA 9203
"2014-12-25" 2659 7987 NA NA NA 9276
"2014-12-26" 2670 8002 NA NA NA 9339
"2014-12-27" 2695 8012 NA NA NA 9409
"2014-12-28" 2706 8017 NA NA NA 9446
"2014-12-29" 2730 8044 NA NA NA 9546
"2014-12-30" 2739 8087 NA NA NA 9605
"2014-12-31" 2729 8115 NA NA NA 9633
"2015-01-01" 2750 8128 NA NA NA 9683
"2015-01-02" 2760 8153 NA NA NA 9719
"2015-01-03" 2769 8162 NA NA NA 9772
"2015-01-04" 2775 8170 NA NA NA 9780
"2015-01-05" 2776 8218 NA NA NA 9890
"2015-01-06" NA 8256 NA NA NA 9930
"2015-01-07" 2793 NA NA NA NA 9973
"2015-01-08" 2797 NA NA NA NA 10009
"2015-01-09" 2798 NA NA NA NA 10056
"2015-01-10" 2799 8316 NA NA NA 10094
"2015-01-11" 2806 8322 NA NA NA 10124
"2015-01-12" NA 8353 NA NA NA 10150
"2015-01-13" 2825 8377 NA NA NA 10186
"2015-01-14" 2822 8396 NA NA NA 10216
"2015-01-15" 2865 8423 NA NA NA 10251
"2015-01-16" 2868 8435 NA NA NA 10286
"2015-01-17" 2873 8447 NA NA NA 10306
"2015-01-18" 2871 8462 NA NA NA 10340
"2015-01-19" 2873 8486 NA NA NA 10362
"2015-01-20" 2873 8507 NA NA NA 10400
"2015-01-21" 2881 NA NA NA NA 10417
"2015-01-22" 2893 NA NA NA NA 10457
"2015-01-23" 2896 NA NA NA NA 10471
"2015-01-24" 2909 8592 NA NA NA 10491
"2015-01-25" 2917 8603 NA NA NA 10518
"2015-01-26" 2921 NA NA NA NA 10537
"2015-01-27" 2920 NA NA NA NA 10561
"2015-01-28" 2926 8649 NA NA NA NA
"2015-01-29" 2928 8666 NA NA NA 10637
"2015-01-30" 2932 NA NA NA NA NA
"2015-01-31" 2959 17408 NA NA NA 7552
"2015-02-01" NA 17458 NA NA NA NA
"2015-02-02" NA NA NA NA NA 6248
"2015-02-03" NA NA NA NA NA 6261
"2015-02-04" NA NA NA NA NA 6286
"2015-02-05" NA 8812 NA NA NA 6306
"2015-02-06" NA 8852 NA NA NA 6353
"2015-02-07" NA 8859 NA NA NA NA
"2015-02-08" NA NA NA NA NA 10905
"2015-02-09" NA NA NA NA NA 6388
